feat_values_sorted	pred_f_3d_avg_sorted	pred_f_3d_sd_sorted	pred_f_3d_max_sorted	pred_f_3d_min_sorted
-2.42180	-0.23716	0.07539	-0.12553	-0.34865
-2.15501	-0.22895	0.06061	-0.13913	-0.31000
-2.06964	-0.21021	0.05454	-0.13203	-0.29777
-1.95225	-0.18504	0.03788	-0.12263	-0.24910
-1.94158	-0.17091	0.02297	-0.12179	-0.20137
-1.71747	-0.18010	0.03956	-0.10492	-0.24796
-1.70680	-0.18337	0.03145	-0.15236	-0.24646
-1.66412	-0.17718	0.04244	-0.10109	-0.24048
-1.63210	-0.16586	0.03256	-0.09881	-0.21238
-1.62143	-0.17478	0.03810	-0.09806	-0.23451
-1.54673	-0.16804	0.03648	-0.09286	-0.22409
-1.50404	-0.16975	0.02623	-0.13820	-0.21814
-1.45069	-0.13517	0.02320	-0.08634	-0.15584
-1.44002	-0.15729	0.02431	-0.13344	-0.20924
-1.41867	-0.13642	0.02880	-0.08421	-0.17075
-1.38666	-0.14761	0.03022	-0.08209	-0.18445
-1.37599	-0.15065	0.03630	-0.08139	-0.20035
-1.36531	-0.15048	0.03552	-0.08069	-0.19887
-1.32263	-0.14022	0.02824	-0.07791	-0.17715
-1.29061	-0.14651	0.03545	-0.07585	-0.18853
-1.29061	-0.16621	0.01555	-0.14080	-0.18853
-1.25860	-0.14285	0.03255	-0.07380	-0.18410
-1.25860	-0.14272	0.03259	-0.07380	-0.18410
-1.22658	-0.13773	0.03370	-0.07177	-0.17967
-1.19457	-0.13659	0.03144	-0.06975	-0.17524
-1.18390	-0.14487	0.02194	-0.11318	-0.17377
-1.18390	-0.13477	0.02955	-0.06908	-0.17377
-1.16256	-0.12896	0.02950	-0.06774	-0.17082
-1.14121	-0.12791	0.03101	-0.06641	-0.16788
-1.13054	-0.12215	0.03064	-0.06575	-0.16640
-1.08785	-0.12211	0.02780	-0.06312	-0.16051
-1.05584	-0.11690	0.02764	-0.06116	-0.15609
-1.00248	-0.11521	0.02581	-0.05791	-0.14874
-0.98114	-0.11346	0.02681	-0.05662	-0.14579
-0.97047	-0.11208	0.02528	-0.05598	-0.14432
-0.95980	-0.11103	0.02510	-0.05534	-0.14285
-0.92778	-0.10414	0.02478	-0.05342	-0.13844
-0.91711	-0.10295	0.02654	-0.05278	-0.13866
-0.88510	-0.10934	0.01501	-0.08873	-0.13566
-0.88510	-0.10300	0.02507	-0.05088	-0.13566
-0.88510	-0.10659	0.01582	-0.08733	-0.13566
-0.86375	-0.09990	0.02533	-0.04961	-0.13361
-0.86375	-0.09835	0.02270	-0.04961	-0.13361
-0.86375	-0.10169	0.02475	-0.04961	-0.13361
-0.82107	-0.09624	0.02374	-0.04709	-0.12936
-0.76771	-0.09370	0.01333	-0.07662	-0.11637
-0.73569	-0.08491	0.01940	-0.04209	-0.11195
-0.69301	-0.08191	0.02052	-0.03961	-0.11560
-0.68234	-0.08053	0.01999	-0.03899	-0.11439
-0.67167	-0.08522	0.01518	-0.06764	-0.11317
-0.66099	-0.08094	0.02223	-0.03775	-0.11194
-0.66099	-0.08469	0.01621	-0.06663	-0.11194
-0.63965	-0.07504	0.01744	-0.03651	-0.09869
-0.60764	-0.07512	0.01890	-0.03466	-0.10563
-0.58629	-0.07023	0.02093	-0.03343	-0.10305
-0.58629	-0.07286	0.01849	-0.03343	-0.10305
-0.56495	-0.07206	0.01849	-0.03220	-0.10042
-0.54361	-0.06505	0.01548	-0.03097	-0.08542
-0.47958	-0.05978	0.01646	-0.02729	-0.08958
-0.45824	-0.05849	0.01673	-0.02606	-0.08679
-0.44756	-0.05791	0.01752	-0.02545	-0.08538
-0.43689	-0.05619	0.01629	-0.02483	-0.08396
-0.41555	-0.05295	0.01515	-0.02361	-0.08110
-0.40488	-0.05333	0.01489	-0.02300	-0.07966
-0.39421	-0.05420	0.01145	-0.04080	-0.07821
-0.39421	-0.05467	0.01540	-0.02238	-0.07821
-0.39421	-0.05077	0.01482	-0.02238	-0.07821
-0.38353	-0.05099	0.01445	-0.02177	-0.07676
-0.37286	-0.04837	0.01428	-0.02116	-0.07529
-0.36219	-0.05015	0.01509	-0.02054	-0.07382
-0.34085	-0.04114	0.01130	-0.01932	-0.05731
-0.31951	-0.04416	0.00774	-0.03338	-0.05592
-0.30883	-0.04560	0.00684	-0.03524	-0.05452
-0.30883	-0.04389	0.01308	-0.01748	-0.06635
-0.29816	-0.04198	0.00800	-0.03124	-0.05311
-0.28749	-0.04083	0.01444	-0.01625	-0.06332
-0.28749	-0.04324	0.01117	-0.03017	-0.06332
-0.26615	-0.03430	0.01260	-0.01502	-0.06025
-0.25548	-0.03674	0.01283	-0.01440	-0.05871
-0.22346	-0.03404	0.01215	-0.01256	-0.05405
-0.21279	-0.03281	0.01190	-0.01194	-0.05248
-0.18078	-0.03034	0.00860	-0.01941	-0.04774
-0.17010	-0.02710	0.00995	-0.00947	-0.04614
-0.17010	-0.02729	0.01047	-0.00947	-0.04614
-0.14876	-0.02133	0.00794	-0.00823	-0.03300
-0.12742	-0.02134	0.00913	-0.00699	-0.03971
-0.12742	-0.02434	0.00847	-0.01398	-0.03971
-0.11675	-0.02018	0.00951	-0.00637	-0.03809
-0.10607	-0.01918	0.00789	-0.00575	-0.02712
-0.08473	-0.01064	0.00412	-0.00450	-0.01554
-0.05272	-0.01377	0.00791	-0.00263	-0.02825
-0.01003	-0.00802	0.00685	-0.00012	-0.02158
0.01131	-0.00673	0.00652	0.00165	-0.01822
0.05400	-0.00071	0.00518	0.00692	-0.01144
0.05400	-0.00103	0.00562	0.00692	-0.01144
0.08601	0.00277	0.00519	0.01089	-0.00631
0.08601	0.00436	0.00536	0.01089	-0.00631
0.09668	0.00482	0.00532	0.01221	-0.00448
0.09668	0.00380	0.00528	0.01221	-0.00459
0.10736	0.00550	0.00548	0.01354	-0.00327
0.10736	0.00410	0.00451	0.01020	-0.00327
0.16071	0.01374	0.00312	0.02019	0.01006
0.17138	0.01162	0.00419	0.01685	0.00405
0.19273	0.01539	0.00479	0.02420	0.00651
0.20340	0.01615	0.00410	0.02019	0.00775
0.21407	0.01820	0.00467	0.02688	0.00899
0.22474	0.02004	0.00487	0.02822	0.01023
0.24609	0.02182	0.00511	0.03091	0.01273
0.24609	0.02229	0.00543	0.03091	0.01273
0.25676	0.02439	0.00456	0.03225	0.01591
0.27810	0.02561	0.00543	0.03495	0.01649
0.33146	0.03193	0.00666	0.04174	0.02053
0.35280	0.03315	0.00642	0.04049	0.02187
0.36347	0.03478	0.00632	0.04217	0.02254
0.36347	0.03611	0.00750	0.04583	0.02254
0.37414	0.03757	0.00752	0.04720	0.02321
0.38482	0.03929	0.00763	0.04857	0.02388
0.40616	0.04361	0.00759	0.05132	0.02523
0.40616	0.04126	0.00783	0.05132	0.02523
0.41683	0.04272	0.00819	0.05270	0.02591
0.42750	0.04639	0.00873	0.05408	0.02659
0.44884	0.04622	0.00932	0.05685	0.02796
0.47019	0.05300	0.00710	0.05963	0.03971
0.49153	0.05310	0.01076	0.06273	0.03071
0.50220	0.05450	0.01055	0.06381	0.03140
0.51287	0.05439	0.01030	0.06624	0.03209
0.51287	0.05714	0.01072	0.06624	0.03209
0.52354	0.05560	0.01042	0.06662	0.03279
0.52354	0.05591	0.01075	0.06800	0.03279
0.52354	0.05684	0.01057	0.06800	0.03279
0.56623	0.06698	0.00674	0.07510	0.05646
0.58757	0.06227	0.01216	0.07869	0.03701
0.58757	0.05984	0.01207	0.07450	0.03701
0.59825	0.06433	0.01402	0.07930	0.03772
0.65160	0.07339	0.01398	0.08959	0.04130
0.68362	0.08054	0.01042	0.09512	0.06673
0.68362	0.07644	0.01534	0.09512	0.04347
0.70496	0.08423	0.01034	0.09751	0.06951
0.71563	0.07963	0.01756	0.09932	0.04566
0.71563	0.08386	0.01700	0.10071	0.04566
0.76899	0.08682	0.01865	0.11015	0.04937
0.81168	0.09438	0.01949	0.11782	0.05237
0.85436	0.09973	0.02073	0.12559	0.05542
0.90772	0.10197	0.02329	0.13188	0.05928
0.91839	0.11778	0.01479	0.13744	0.09660
0.93973	0.10962	0.02433	0.14145	0.06164
0.93973	0.11949	0.01516	0.14145	0.09694
0.95041	0.11164	0.02319	0.14347	0.06243
1.03578	0.12422	0.02635	0.15983	0.06884
1.11048	0.13222	0.02970	0.17452	0.07461
1.11048	0.13431	0.03045	0.17452	0.07461
1.11048	0.14219	0.01941	0.17452	0.11435
1.12115	0.13215	0.03001	0.17665	0.07545
1.13182	0.14544	0.03083	0.17878	0.07629
1.13182	0.14446	0.02099	0.17878	0.11650
1.14249	0.14908	0.02039	0.18093	0.11758
1.16384	0.15009	0.01959	0.18524	0.11973
1.16384	0.14292	0.02904	0.18524	0.07882
1.19585	0.12727	0.02717	0.16557	0.08139
1.20652	0.15210	0.03264	0.19394	0.08225
1.20652	0.14896	0.03037	0.19394	0.08225
1.25988	0.16337	0.02443	0.20500	0.12932
1.36660	0.18040	0.02609	0.22770	0.13984
1.38794	0.17800	0.03958	0.23234	0.09742
1.43062	0.17742	0.03775	0.24171	0.10115
1.45197	0.18303	0.04018	0.24645	0.10303
1.46264	0.18503	0.04274	0.24883	0.10397
1.48398	0.17716	0.03763	0.22373	0.10588
1.50532	0.18123	0.03858	0.22685	0.10780
1.58003	0.18904	0.03719	0.22487	0.11465
1.58003	0.21369	0.03635	0.27557	0.16033
1.62271	0.19268	0.03937	0.24355	0.11865
1.75077	0.22662	0.05391	0.31635	0.13106
1.76144	0.22052	0.04440	0.26214	0.13212
1.78278	0.24022	0.04930	0.32425	0.13426
1.82547	0.24142	0.05468	0.33492	0.13859
2.11360	0.30577	0.05382	0.41095	0.20748
2.39106	0.34281	0.07513	0.49118	0.20335
2.54046	0.32578	0.06457	0.42259	0.22301
2.90329	0.43625	0.11806	0.65914	0.26215
