feat_values_sorted	pred_f_3d_avg_sorted	pred_f_3d_sd_sorted	pred_f_3d_max_sorted	pred_f_3d_min_sorted
-3.23018	-0.20260	0.04447	-0.15223	-0.27163
-2.05364	-0.14169	0.04256	-0.08231	-0.20258
-2.02185	-0.15478	0.04163	-0.08297	-0.20112
-1.90525	-0.14521	0.03948	-0.08464	-0.19505
-1.79926	-0.13832	0.03994	-0.08518	-0.18860
-1.78866	-0.15233	0.03103	-0.09616	-0.18791
-1.72506	-0.13120	0.03326	-0.08503	-0.17071
-1.69326	-0.13980	0.03207	-0.09126	-0.18131
-1.65086	-0.13141	0.03682	-0.08904	-0.17817
-1.60847	-0.12930	0.03317	-0.08398	-0.17490
-1.55547	-0.11987	0.03081	-0.08318	-0.15583
-1.51307	-0.12153	0.03097	-0.08173	-0.16714
-1.49187	-0.12356	0.03010	-0.08059	-0.16533
-1.42828	-0.11901	0.02833	-0.07713	-0.15976
-1.34348	-0.10726	0.02872	-0.07248	-0.15197
-1.32228	-0.10283	0.02286	-0.07751	-0.13351
-1.32228	-0.10564	0.02828	-0.07131	-0.14996
-1.25868	-0.09534	0.02362	-0.06777	-0.12710
-1.23749	-0.10180	0.02472	-0.07235	-0.14169
-1.22689	-0.10494	0.02384	-0.07159	-0.14063
-1.22689	-0.10033	0.02548	-0.06600	-0.14063
-1.21629	-0.09841	0.02495	-0.06540	-0.13957
-1.21629	-0.09633	0.02207	-0.06540	-0.12276
-1.20569	-0.09889	0.02705	-0.06481	-0.13850
-1.16329	-0.09315	0.02500	-0.06242	-0.13416
-1.15269	-0.09049	0.02459	-0.06182	-0.13306
-1.07849	-0.08743	0.02274	-0.05761	-0.12525
-1.07849	-0.08556	0.01866	-0.06089	-0.10463
-1.06789	-0.09099	0.02191	-0.05701	-0.12411
-1.05730	-0.08100	0.01772	-0.05641	-0.10606
-1.05730	-0.08545	0.02277	-0.05641	-0.12297
-1.03610	-0.07924	0.01821	-0.05520	-0.10379
-1.00430	-0.08370	0.01953	-0.05551	-0.11720
-0.99370	-0.08147	0.02083	-0.05277	-0.11604
-0.98310	-0.07665	0.02190	-0.05216	-0.11487
-0.97250	-0.07957	0.02043	-0.05156	-0.11369
-0.95130	-0.07675	0.02052	-0.05034	-0.11133
-0.95130	-0.07611	0.01956	-0.05034	-0.11133
-0.91950	-0.07336	0.01892	-0.04851	-0.10775
-0.89830	-0.07926	0.01608	-0.05561	-0.10535
-0.86651	-0.06587	0.01452	-0.04549	-0.08529
-0.84531	-0.07259	0.01472	-0.05261	-0.09927
-0.83471	-0.06848	0.01726	-0.04362	-0.09805
-0.79231	-0.06508	0.01581	-0.04116	-0.09311
-0.77111	-0.05635	0.01366	-0.03857	-0.07467
-0.74991	-0.06204	0.01499	-0.03870	-0.08812
-0.73931	-0.05445	0.01055	-0.03809	-0.06936
-0.67571	-0.05284	0.01542	-0.03169	-0.07928
-0.65452	-0.04724	0.01526	-0.03017	-0.07673
-0.64392	-0.05140	0.01390	-0.02942	-0.07545
-0.63332	-0.05007	0.01425	-0.03192	-0.07416
-0.61212	-0.04758	0.01228	-0.03069	-0.07159
-0.60152	-0.04525	0.01264	-0.02639	-0.07030
-0.60152	-0.04599	0.01263	-0.02639	-0.07030
-0.59092	-0.04191	0.01284	-0.02564	-0.06901
-0.59092	-0.04211	0.01388	-0.02564	-0.06901
-0.55912	-0.04363	0.01341	-0.02338	-0.06512
-0.52732	-0.04195	0.00993	-0.02575	-0.06122
-0.51672	-0.03957	0.00999	-0.02514	-0.05991
-0.49552	-0.03598	0.01115	-0.01890	-0.05729
-0.46373	-0.03511	0.00954	-0.02205	-0.05335
-0.46373	-0.03212	0.01043	-0.01668	-0.05335
-0.44253	-0.03424	0.00810	-0.02108	-0.05072
-0.43193	-0.02948	0.01051	-0.01447	-0.04940
-0.41073	-0.02825	0.00978	-0.01301	-0.04676
-0.41073	-0.02750	0.00958	-0.01301	-0.04676
-0.40013	-0.02660	0.00999	-0.01228	-0.04543
-0.35773	-0.02076	0.00676	-0.00937	-0.02816
-0.35773	-0.02069	0.00669	-0.00937	-0.02779
-0.34713	-0.02128	0.00675	-0.00865	-0.02701
-0.34713	-0.02243	0.00833	-0.00865	-0.03880
-0.34713	-0.02243	0.00833	-0.00865	-0.03880
-0.34713	-0.02269	0.00874	-0.00865	-0.03880
-0.33653	-0.01971	0.00654	-0.00793	-0.02587
-0.33653	-0.02230	0.00802	-0.01097	-0.03747
-0.32593	-0.02300	0.00790	-0.00996	-0.03614
-0.27294	-0.01776	0.00684	-0.00365	-0.02947
-0.25174	-0.01423	0.00747	-0.00224	-0.02680
-0.23054	-0.01308	0.00658	-0.00084	-0.02413
-0.21994	-0.00966	0.00763	-0.00004	-0.02279
-0.19874	-0.00914	0.00705	0.00192	-0.02011
-0.18814	-0.00847	0.00633	0.00290	-0.01877
-0.16694	-0.00514	0.00730	0.00485	-0.01610
-0.14574	-0.00481	0.00703	0.00678	-0.01342
-0.11394	-0.00076	0.00593	0.00967	-0.00941
-0.11394	-0.00170	0.00630	0.00967	-0.01019
-0.08215	0.00030	0.00523	0.00872	-0.00678
-0.01855	0.00445	0.00510	0.01045	-0.00354
0.00265	0.00787	0.00665	0.02003	-0.00206
0.00265	0.00720	0.00561	0.01396	-0.00206
0.01325	0.01299	0.00472	0.02096	0.00543
0.01325	0.00940	0.00663	0.02096	-0.00132
0.03445	0.00994	0.00589	0.01631	0.00016
0.06625	0.01213	0.00641	0.01980	0.00239
0.07685	0.01489	0.00550	0.02096	0.00336
0.07685	0.01451	0.00747	0.02643	0.00313
0.09804	0.01604	0.00811	0.02823	0.00461
0.11924	0.01746	0.00888	0.03001	0.00609
0.12984	0.02077	0.00686	0.03089	0.00682
0.14044	0.01828	0.00854	0.03177	0.00746
0.15104	0.02106	0.00695	0.02902	0.00815
0.15104	0.02261	0.00709	0.03265	0.00830
0.18284	0.02303	0.00922	0.03526	0.01021
0.19344	0.02582	0.00893	0.03612	0.01091
0.20404	0.02618	0.00895	0.03698	0.01160
0.22524	0.02696	0.00940	0.03868	0.01298
0.22524	0.02619	0.00970	0.03868	0.01298
0.23584	0.02625	0.00916	0.03952	0.01367
0.24644	0.02861	0.00839	0.03921	0.01437
0.26764	0.03276	0.00968	0.04203	0.01636
0.27824	0.03171	0.00929	0.04256	0.01646
0.27824	0.03232	0.00985	0.04286	0.01646
0.27824	0.03300	0.00948	0.04286	0.01646
0.28884	0.03355	0.00936	0.04368	0.01781
0.28884	0.03077	0.01016	0.04368	0.01716
0.29943	0.02963	0.00979	0.04478	0.01785
0.31003	0.03568	0.00991	0.04588	0.01855
0.33123	0.03384	0.01076	0.04808	0.01995
0.36303	0.04111	0.01066	0.05136	0.02206
0.38423	0.04757	0.00625	0.05353	0.03504
0.43723	0.04429	0.01270	0.05890	0.02701
0.43723	0.04699	0.01029	0.05890	0.02701
0.44783	0.04405	0.01315	0.05989	0.02772
0.46903	0.04589	0.01342	0.06239	0.02989
0.50082	0.05079	0.01269	0.06611	0.03128
0.50082	0.05184	0.01237	0.06611	0.03197
0.52202	0.04911	0.01321	0.06857	0.03271
0.52202	0.05093	0.01367	0.06857	0.03271
0.52202	0.05134	0.01474	0.06857	0.03271
0.56442	0.05032	0.01224	0.06333	0.03557
0.57502	0.05295	0.01403	0.07467	0.03612
0.58562	0.05339	0.01559	0.07588	0.03667
0.59622	0.05854	0.01425	0.07708	0.03722
0.62802	0.05670	0.01486	0.08068	0.03887
0.65982	0.06317	0.01541	0.08423	0.04050
0.70221	0.06643	0.01583	0.08892	0.04456
0.70221	0.06405	0.01662	0.08892	0.04265
0.75521	0.07240	0.01675	0.09467	0.04769
0.77641	0.06906	0.01879	0.09694	0.04637
0.85061	0.06900	0.01725	0.09734	0.05002
0.88240	0.07012	0.01870	0.10000	0.05157
0.92480	0.07879	0.02129	0.11228	0.05360
0.94600	0.08017	0.02048	0.11438	0.05619
0.94600	0.08075	0.02085	0.11438	0.05461
0.94600	0.08096	0.02171	0.11438	0.05461
0.96720	0.09166	0.01929	0.11647	0.05670
1.00960	0.08670	0.02075	0.12057	0.05759
1.00960	0.08192	0.01915	0.11017	0.05766
1.02020	0.08633	0.02205	0.12158	0.05788
1.03080	0.08502	0.02186	0.12258	0.05810
1.03080	0.08572	0.02332	0.12258	0.05810
1.05200	0.08809	0.02263	0.12457	0.05852
1.05200	0.08930	0.02127	0.12457	0.05954
1.11559	0.08971	0.02318	0.13039	0.05964
1.12619	0.09121	0.02349	0.11875	0.05980
1.12619	0.09027	0.02334	0.13134	0.05980
1.23219	0.09944	0.02337	0.14045	0.06753
1.24279	0.09806	0.02621	0.14132	0.06798
1.27458	0.09492	0.02164	0.12858	0.06143
1.29578	0.10170	0.02548	0.14558	0.06156
1.32758	0.09664	0.02708	0.14804	0.06170
1.38058	0.09852	0.02636	0.15200	0.06179
1.44418	0.10537	0.02970	0.15649	0.06167
1.50777	0.10680	0.02929	0.16069	0.06130
1.51837	0.10106	0.03093	0.16136	0.06121
1.56077	0.12364	0.02732	0.16396	0.08061
1.59257	0.10899	0.03334	0.16581	0.06038
1.64556	0.10967	0.03145	0.16872	0.05955
1.67736	0.11566	0.02964	0.17036	0.08232
1.68796	0.10194	0.02687	0.14847	0.05875
1.70916	0.10816	0.03192	0.17192	0.05831
1.71976	0.09835	0.02688	0.14950	0.05807
1.73036	0.10727	0.03406	0.17290	0.05783
1.80456	0.11540	0.03601	0.17606	0.05589
1.81516	0.12295	0.03797	0.17647	0.05558
1.83635	0.11045	0.03005	0.15258	0.05494
1.87875	0.10499	0.03120	0.15343	0.05355
1.94235	0.11769	0.04410	0.18061	0.05121
2.04834	0.12859	0.03214	0.18288	0.08106
2.79031	0.09170	0.06542	0.20088	-0.01271
