feat_values_sorted	pred_f_3d_avg_sorted	pred_f_3d_sd_sorted	pred_f_3d_max_sorted	pred_f_3d_min_sorted
-3.05851	-0.63924	0.12844	-0.44413	-0.82743
-2.64667	-0.52488	0.09397	-0.35239	-0.65404
-2.26424	-0.41517	0.07260	-0.27739	-0.51459
-2.10735	-0.35906	0.05443	-0.24925	-0.42528
-2.09755	-0.37040	0.06756	-0.24754	-0.45969
-1.95046	-0.32635	0.05267	-0.22254	-0.41400
-1.93085	-0.32842	0.05019	-0.21930	-0.40810
-1.84260	-0.29749	0.05105	-0.20499	-0.38206
-1.78376	-0.28315	0.04880	-0.19568	-0.36517
-1.73473	-0.28269	0.03914	-0.20968	-0.35138
-1.71512	-0.25291	0.03905	-0.18505	-0.29414
-1.68571	-0.26448	0.04933	-0.18057	-0.33783
-1.56804	-0.23394	0.04662	-0.16309	-0.30631
-1.53862	-0.23778	0.01016	-0.22776	-0.25584
-1.46017	-0.21326	0.03934	-0.14768	-0.27861
-1.34250	-0.20791	0.01918	-0.19188	-0.24961
-1.27386	-0.18329	0.02867	-0.12237	-0.23326
-1.26406	-0.17112	0.03121	-0.11824	-0.20713
-1.25425	-0.17263	0.03311	-0.11668	-0.22866
-1.24445	-0.16723	0.03069	-0.11514	-0.20302
-1.22484	-0.16355	0.03536	-0.11210	-0.22182
-1.10717	-0.16215	0.01543	-0.14755	-0.19519
-1.08756	-0.14617	0.02228	-0.09216	-0.17137
-1.05814	-0.12977	0.02496	-0.08819	-0.15860
-1.04833	-0.13814	0.02903	-0.08688	-0.18228
-0.96008	-0.12376	0.02679	-0.07564	-0.16340
-0.96008	-0.11943	0.02627	-0.07564	-0.16340
-0.94047	-0.12066	0.02785	-0.07326	-0.15928
-0.93066	-0.12467	0.02004	-0.07977	-0.15723
-0.92086	-0.10973	0.02276	-0.07091	-0.13259
-0.90125	-0.11445	0.02525	-0.06860	-0.15113
-0.90125	-0.11351	0.02650	-0.06860	-0.15113
-0.90125	-0.11462	0.02396	-0.06860	-0.15113
-0.90125	-0.11220	0.02406	-0.06860	-0.15113
-0.88163	-0.10418	0.02289	-0.06634	-0.13289
-0.83261	-0.10525	0.01903	-0.06849	-0.13712
-0.83261	-0.10350	0.02340	-0.06083	-0.13712
-0.82280	-0.10364	0.01654	-0.06738	-0.12245
-0.81299	-0.10437	0.01944	-0.05869	-0.13317
-0.73455	-0.09185	0.01958	-0.05048	-0.11764
-0.73455	-0.09215	0.01874	-0.05048	-0.11764
-0.71494	-0.08482	0.02139	-0.04851	-0.11382
-0.70513	-0.08821	0.01919	-0.04754	-0.11192
-0.67571	-0.08146	0.01374	-0.05119	-0.09733
-0.67571	-0.08360	0.01845	-0.04467	-0.10625
-0.64630	-0.07434	0.01927	-0.04186	-0.10063
-0.63649	-0.07372	0.01717	-0.04094	-0.09877
-0.61688	-0.06894	0.01802	-0.03912	-0.09507
-0.59727	-0.07255	0.01358	-0.04288	-0.09138
-0.57766	-0.06498	0.01652	-0.03557	-0.08772
-0.56785	-0.06535	0.01257	-0.03982	-0.08590
-0.56785	-0.06027	0.01486	-0.03469	-0.07967
-0.54824	-0.05855	0.01555	-0.03297	-0.07652
-0.52863	-0.05635	0.01413	-0.03127	-0.07339
-0.51882	-0.05626	0.01491	-0.03043	-0.07687
-0.46979	-0.04978	0.01301	-0.02632	-0.06796
-0.45018	-0.03954	0.00993	-0.02471	-0.04901
-0.38154	-0.03970	0.00947	-0.02109	-0.05225
-0.36193	-0.03420	0.01116	-0.01775	-0.04881
-0.32271	-0.02983	0.01016	-0.01478	-0.04198
-0.31290	-0.02704	0.00915	-0.01405	-0.04029
-0.31290	-0.02829	0.00946	-0.01405	-0.04029
-0.27368	-0.02501	0.00726	-0.01384	-0.03409
-0.27368	-0.02314	0.01024	-0.01074	-0.03409
-0.25407	-0.02091	0.00867	-0.00890	-0.03135
-0.24426	-0.01813	0.00762	-0.00905	-0.02854
-0.22465	-0.01481	0.00762	-0.00615	-0.02678
-0.22465	-0.01659	0.00786	-0.00615	-0.02726
-0.19523	-0.01232	0.00772	-0.00273	-0.02318
-0.19523	-0.01269	0.00682	-0.00273	-0.02318
-0.19523	-0.01117	0.00724	-0.00273	-0.02242
-0.18543	-0.01245	0.00724	-0.00253	-0.02182
-0.17562	-0.00884	0.00742	0.00002	-0.02046
-0.16582	-0.01178	0.00619	-0.00215	-0.01911
-0.15601	-0.00784	0.00733	0.00275	-0.01775
-0.14620	-0.00619	0.00728	0.00412	-0.01639
-0.13640	-0.00684	0.00684	0.00548	-0.01504
-0.12659	-0.00337	0.00694	0.00683	-0.01368
-0.11679	-0.00161	0.00683	0.00819	-0.01088
-0.11679	-0.00168	0.00651	0.00819	-0.01088
-0.10698	-0.00139	0.00614	0.00954	-0.01097
-0.07756	0.00137	0.00607	0.01357	-0.00691
-0.06776	0.00403	0.00681	0.01491	-0.00556
-0.04815	0.00789	0.00616	0.01759	-0.00087
-0.03834	0.00553	0.00617	0.01794	-0.00151
-0.01873	0.00958	0.00701	0.02157	0.00120
-0.00892	0.01155	0.00699	0.02290	0.00255
-0.00892	0.01074	0.00626	0.02250	0.00255
0.00088	0.01233	0.00684	0.02422	0.00390
0.00088	0.01292	0.00795	0.02422	0.00624
0.07933	0.02428	0.00837	0.03604	0.01271
0.07933	0.02276	0.00819	0.03604	0.01271
0.08913	0.02236	0.00734	0.03753	0.01334
0.11855	0.02530	0.00706	0.03990	0.01523
0.13816	0.02979	0.00908	0.04493	0.01650
0.13816	0.02939	0.00870	0.04493	0.01650
0.15777	0.03313	0.00967	0.04788	0.01776
0.15777	0.03180	0.00906	0.04788	0.01776
0.17739	0.03478	0.00977	0.05081	0.01902
0.18719	0.03523	0.00734	0.04889	0.02902
0.19700	0.03418	0.00898	0.05017	0.02028
0.19700	0.03843	0.00860	0.05373	0.03017
0.19700	0.03599	0.01015	0.05373	0.02028
0.23622	0.04063	0.01153	0.05953	0.02282
0.25583	0.04636	0.00983	0.06242	0.03547
0.26564	0.04506	0.01213	0.06386	0.02472
0.28525	0.05218	0.01010	0.06673	0.04046
0.29505	0.04545	0.01081	0.06284	0.02664
0.29505	0.04786	0.01230	0.06816	0.02664
0.30486	0.04608	0.01039	0.06409	0.02728
0.30486	0.05056	0.01326	0.06959	0.02728
0.31467	0.05322	0.01134	0.07101	0.04020
0.32447	0.05395	0.01044	0.07244	0.04098
0.33428	0.05333	0.01272	0.07386	0.02922
0.36370	0.05864	0.00863	0.07160	0.04914
0.38331	0.05713	0.01434	0.08092	0.03248
0.41272	0.06598	0.01154	0.08513	0.04793
0.42253	0.06572	0.01452	0.08653	0.03513
0.47156	0.07536	0.01574	0.09347	0.05248
0.48136	0.06850	0.01468	0.08646	0.03918
0.49117	0.06722	0.01674	0.09623	0.03986
0.50098	0.07216	0.01820	0.08896	0.04055
0.51078	0.07512	0.01644	0.09898	0.04124
0.51078	0.07205	0.01752	0.09898	0.04124
0.52059	0.07585	0.01781	0.10036	0.04194
0.54020	0.07825	0.01734	0.10309	0.04334
0.55981	0.07827	0.01747	0.09774	0.04475
0.56962	0.08189	0.02020	0.10718	0.04547
0.58923	0.08973	0.01632	0.10989	0.06140
0.59903	0.08219	0.01941	0.11124	0.04763
0.61864	0.08791	0.01985	0.11394	0.04909
0.63826	0.09294	0.01860	0.11663	0.05057
0.64806	0.09197	0.02072	0.11797	0.05132
0.68728	0.09310	0.01952	0.11665	0.05435
0.69709	0.09273	0.02086	0.12464	0.05512
0.73631	0.10905	0.01682	0.12993	0.07226
0.73631	0.09783	0.02215	0.12993	0.05826
0.73631	0.10212	0.02169	0.12993	0.05826
0.74612	0.10068	0.02361	0.13124	0.05905
0.74612	0.10333	0.02190	0.13124	0.05905
0.76573	0.10540	0.02132	0.12825	0.06066
0.77554	0.11174	0.01920	0.13518	0.07510
0.80495	0.11793	0.01810	0.13910	0.07722
0.81476	0.11376	0.02579	0.14040	0.06479
0.81476	0.10691	0.02368	0.14040	0.06479
0.82457	0.11034	0.02342	0.14170	0.06563
0.83437	0.11658	0.02279	0.14300	0.06648
0.87359	0.11937	0.02599	0.14817	0.06995
0.88340	0.12623	0.02046	0.14565	0.08282
0.94223	0.11745	0.02470	0.14787	0.07627
0.95204	0.12442	0.02763	0.15840	0.07720
0.96185	0.12692	0.02601	0.15727	0.07814
0.99126	0.13393	0.02719	0.16346	0.08100
0.99126	0.13147	0.02759	0.16346	0.08100
1.02068	0.13029	0.02657	0.16602	0.09247
1.02068	0.13211	0.02906	0.16602	0.08393
1.02068	0.13749	0.03023	0.16724	0.08393
1.03049	0.13894	0.02804	0.16850	0.08493
1.04029	0.13341	0.03057	0.16894	0.08593
1.05990	0.14676	0.02646	0.17225	0.08795
1.06971	0.14558	0.03003	0.17350	0.08898
1.09913	0.15772	0.03004	0.17774	0.09211
1.11874	0.15605	0.02598	0.18068	0.09424
1.24621	0.15922	0.03936	0.20121	0.10798
1.28544	0.16867	0.03528	0.20592	0.11064
1.30505	0.18009	0.03329	0.21228	0.11197
1.30505	0.17377	0.03656	0.21228	0.11197
1.39330	0.19525	0.02960	0.22940	0.12814
1.49136	0.19840	0.04518	0.24919	0.12453
1.50116	0.19683	0.04184	0.25122	0.12519
1.50116	0.20470	0.04110	0.25122	0.12519
1.56980	0.21479	0.04327	0.26567	0.12980
1.61883	0.21596	0.04293	0.25831	0.13310
1.63844	0.22169	0.04731	0.28057	0.13441
1.66786	0.23048	0.04628	0.28710	0.13639
1.73650	0.24998	0.03811	0.30269	0.18337
1.90320	0.26205	0.05114	0.32192	0.15229
2.44251	0.33483	0.08748	0.49664	0.19013
2.45232	0.38450	0.10522	0.49983	0.19085
2.51115	0.38099	0.09657	0.52152	0.19518
