feat_values_sorted	pred_f_3d_avg_sorted	pred_f_3d_sd_sorted	pred_f_3d_max_sorted	pred_f_3d_min_sorted
-2.94911	-0.09872	0.06072	-0.02042	-0.19136
-2.80358	-0.06528	0.05198	0.00000	-0.14260
-2.79239	-0.07363	0.05353	0.00000	-0.14316
-2.61328	-0.07945	0.05614	0.00000	-0.15275
-2.25506	-0.07233	0.05282	0.00000	-0.15440
-2.17670	-0.08591	0.05216	0.00000	-0.15367
-2.01998	-0.07796	0.04731	-0.01378	-0.15061
-1.93042	-0.06512	0.05251	0.00000	-0.14796
-1.87445	-0.06399	0.04616	0.00000	-0.12619
-1.66175	-0.07903	0.03789	-0.01089	-0.13643
-1.52742	-0.07691	0.03750	-0.01058	-0.12886
-1.51623	-0.06024	0.03714	-0.00970	-0.12818
-1.48264	-0.05471	0.04054	-0.00943	-0.12609
-1.43787	-0.06105	0.04379	0.00000	-0.12321
-1.43787	-0.03720	0.03051	-0.00906	-0.08279
-1.31473	-0.05379	0.03990	0.00000	-0.11474
-1.29234	-0.05062	0.04375	0.00000	-0.11312
-1.25876	-0.05166	0.03854	0.00000	-0.11064
-1.25876	-0.05628	0.03765	0.00000	-0.11064
-1.16920	-0.04694	0.02995	-0.00688	-0.10378
-1.13562	-0.04573	0.02953	-0.00661	-0.09483
-1.13562	-0.05182	0.03434	0.00000	-0.10111
-0.99009	-0.04292	0.03055	0.00000	-0.08905
-0.96770	-0.03787	0.03048	0.00000	-0.08713
-0.95651	-0.04238	0.02804	0.00000	-0.08616
-0.95651	-0.04238	0.02804	0.00000	-0.08616
-0.95651	-0.03768	0.03411	0.00000	-0.08616
-0.95651	-0.03691	0.03377	0.00000	-0.08616
-0.94531	-0.04955	0.02574	-0.00510	-0.08518
-0.92292	-0.03794	0.02933	0.00000	-0.08323
-0.90053	-0.03132	0.02401	0.00000	-0.07719
-0.88934	-0.04416	0.02365	-0.00466	-0.08026
-0.86695	-0.03007	0.02315	0.00000	-0.07446
-0.85576	-0.03340	0.02719	0.00000	-0.07726
-0.85576	-0.04393	0.02920	0.00000	-0.07726
-0.83337	-0.02881	0.02228	0.00000	-0.07169
-0.81098	-0.02729	0.02492	0.00000	-0.07321
-0.77740	-0.02670	0.02081	0.00000	-0.06698
-0.76620	-0.02131	0.01585	0.00000	-0.04348
-0.74381	-0.03231	0.02345	0.00000	-0.06704
-0.74381	-0.02959	0.02265	0.00000	-0.06704
-0.74381	-0.03442	0.02232	-0.00355	-0.06704
-0.72142	-0.03142	0.02139	0.00000	-0.06496
-0.69904	-0.02073	0.02064	0.00000	-0.06286
-0.65426	-0.02820	0.01940	0.00000	-0.05864
-0.60948	-0.01754	0.01784	0.00000	-0.05438
-0.60948	-0.02394	0.01625	-0.00255	-0.05227
-0.59829	-0.02372	0.02001	0.00000	-0.05331
-0.59829	-0.01913	0.01717	0.00000	-0.05331
-0.58709	-0.02271	0.01782	0.00000	-0.05224
-0.57590	-0.03001	0.01687	-0.00272	-0.05117
-0.57590	-0.02353	0.01786	0.00000	-0.05117
-0.56470	-0.02051	0.01572	-0.00222	-0.05009
-0.55351	-0.02833	0.01688	0.00000	-0.04901
-0.54231	-0.02390	0.01765	0.00000	-0.04793
-0.51992	-0.01891	0.01390	0.00000	-0.04576
-0.50873	-0.01307	0.01020	0.00000	-0.02738
-0.49754	-0.01987	0.01535	0.00000	-0.04359
-0.49754	-0.01873	0.01499	0.00000	-0.04359
-0.48634	-0.01824	0.01463	0.00000	-0.04250
-0.48634	-0.01554	0.01285	0.00000	-0.04105
-0.43037	-0.01559	0.01353	0.00000	-0.03704
-0.39679	-0.01253	0.01364	0.00000	-0.03374
-0.39679	-0.01208	0.01035	0.00000	-0.03274
-0.38559	-0.01527	0.01102	-0.00096	-0.03264
-0.37440	-0.01410	0.01144	0.00000	-0.03154
-0.36320	-0.01093	0.01018	0.00000	-0.03044
-0.36320	-0.01083	0.00998	0.00000	-0.02961
-0.35201	-0.01223	0.01090	0.00000	-0.02933
-0.34081	-0.01175	0.00999	0.00000	-0.02823
-0.31843	-0.01147	0.00951	0.00000	-0.02602
-0.31843	-0.01008	0.00811	0.00000	-0.02541
-0.31843	-0.01036	0.00881	0.00000	-0.02602
-0.30723	-0.00869	0.00799	0.00000	-0.02492
-0.30723	-0.01098	0.00913	-0.00043	-0.02492
-0.28484	-0.00708	0.00741	0.00000	-0.02226
-0.27365	-0.00901	0.00701	0.00000	-0.02121
-0.26245	-0.00826	0.00751	0.00000	-0.02049
-0.25126	-0.00832	0.00684	-0.00007	-0.01910
-0.24006	-0.00758	0.00726	0.00001	-0.01827
-0.21768	-0.00506	0.00581	0.00015	-0.01595
-0.15051	-0.00288	0.00395	0.00125	-0.00941
-0.15051	-0.00270	0.00409	0.00125	-0.00941
-0.10573	-0.00094	0.00299	0.00265	-0.00644
-0.08334	-0.00123	0.00294	0.00344	-0.00543
-0.06095	0.00033	0.00219	0.00403	-0.00442
-0.06095	0.00013	0.00256	0.00403	-0.00442
-0.04976	0.00119	0.00265	0.00535	-0.00391
-0.03856	0.00117	0.00242	0.00598	-0.00340
-0.01618	0.00164	0.00275	0.00538	-0.00239
0.05099	0.00662	0.00362	0.01097	0.00154
0.05099	0.00543	0.00397	0.01097	0.00000
0.09577	0.00734	0.00520	0.01474	0.00000
0.09577	0.00624	0.00523	0.01474	0.00000
0.10696	0.00847	0.00544	0.01582	0.00000
0.11816	0.00838	0.00616	0.01690	0.00000
0.14055	0.01328	0.00482	0.01906	0.00469
0.15174	0.01051	0.00673	0.02013	0.00000
0.16293	0.00977	0.00786	0.02121	0.00000
0.17413	0.01394	0.00640	0.02228	0.00231
0.17413	0.00919	0.00774	0.02228	0.00000
0.18532	0.01271	0.00791	0.02335	0.00000
0.18532	0.00916	0.00614	0.01818	0.00000
0.20771	0.01256	0.00871	0.02548	0.00000
0.21891	0.01305	0.00977	0.02654	0.00000
0.23010	0.01065	0.00883	0.02496	0.00000
0.23010	0.01196	0.00919	0.02760	0.00000
0.24130	0.01655	0.00934	0.02865	0.00272
0.26368	0.01247	0.00908	0.02786	0.00000
0.27488	0.01523	0.01064	0.03181	0.00000
0.28607	0.01542	0.01145	0.03286	0.00000
0.34205	0.01968	0.01284	0.03804	0.00000
0.35324	0.01824	0.01212	0.03907	0.00329
0.36443	0.02293	0.01280	0.04009	0.00000
0.37563	0.01836	0.01574	0.04112	0.00000
0.38682	0.02092	0.01356	0.04213	0.00000
0.40921	0.02036	0.01529	0.04416	0.00000
0.44280	0.01847	0.01359	0.04260	0.00000
0.46518	0.01817	0.01536	0.04916	0.00000
0.47638	0.02220	0.01923	0.05015	0.00000
0.47638	0.02469	0.01605	0.05015	0.00000
0.47638	0.02174	0.01800	0.05015	0.00000
0.49877	0.02381	0.01798	0.05212	0.00000
0.49877	0.02459	0.01748	0.05212	0.00000
0.49877	0.02057	0.01494	0.04694	0.00000
0.50996	0.01948	0.01769	0.05310	0.00000
0.52116	0.03051	0.01711	0.05407	0.00000
0.54354	0.02230	0.01823	0.05601	0.00000
0.54354	0.02381	0.01892	0.05601	0.00000
0.57713	0.03228	0.01684	0.05888	0.00419
0.57713	0.02629	0.01927	0.05888	0.00000
0.62191	0.02420	0.01885	0.05594	0.00000
0.63310	0.02350	0.02043	0.06357	0.00000
0.64429	0.03183	0.01978	0.06449	0.00442
0.65549	0.03344	0.02338	0.06541	0.00000
0.68907	0.03357	0.02297	0.06814	0.00000
0.73385	0.03447	0.02552	0.07171	0.00000
0.74504	0.03506	0.02297	0.07259	0.00000
0.76743	0.03638	0.02273	0.07433	0.00478
0.77863	0.03320	0.02673	0.07519	0.00481
0.82341	0.03890	0.02607	0.07858	0.00000
0.84579	0.03130	0.02452	0.08024	0.00000
0.85699	0.03755	0.02072	0.07069	0.00000
0.86818	0.03073	0.02279	0.07130	0.00000
0.87938	0.03685	0.02813	0.08269	0.00000
0.90177	0.04020	0.02667	0.08429	0.00000
0.90177	0.03551	0.03014	0.08429	0.00000
0.92415	0.03592	0.01720	0.05623	0.00660
1.00252	0.03961	0.02934	0.09118	0.00000
1.00252	0.03724	0.02460	0.07793	0.00000
1.02490	0.04408	0.02889	0.09263	0.00000
1.02490	0.03384	0.02936	0.09263	0.00000
1.04729	0.04449	0.02957	0.09406	0.00000
1.08088	0.02826	0.02302	0.06345	0.00000
1.12565	0.04211	0.03736	0.09883	0.00000
1.12565	0.04896	0.03119	0.09883	0.00541
1.12565	0.04266	0.03160	0.09883	0.00000
1.13685	0.04379	0.03339	0.09949	0.00000
1.14804	0.04514	0.03547	0.10013	0.00000
1.17043	0.03564	0.03110	0.10140	0.00000
1.19282	0.04962	0.03368	0.10263	0.00000
1.25999	0.05105	0.03473	0.10614	0.00000
1.37193	0.03131	0.03082	0.08828	0.00000
1.37193	0.04814	0.03687	0.11133	0.00000
1.38313	0.04747	0.03773	0.11180	0.00000
1.40551	0.04435	0.03812	0.11271	0.00000
1.40551	0.04628	0.03336	0.08857	0.00000
1.42790	0.04176	0.03639	0.11359	0.00000
1.43910	0.04838	0.03573	0.11401	0.00000
1.46149	0.04867	0.03593	0.11483	0.00000
1.47268	0.05423	0.03389	0.11523	0.00534
1.48388	0.05437	0.03397	0.11562	0.00533
1.50626	0.05279	0.03773	0.11636	0.00000
1.52865	0.04678	0.02983	0.08861	0.00526
1.61821	0.04907	0.03883	0.11950	0.00000
1.69657	0.05060	0.03728	0.12108	0.00000
1.83090	0.03708	0.02921	0.08119	0.00000
1.87568	0.03683	0.02693	0.07910	0.00000
1.98762	0.05421	0.03681	0.12219	0.00000
2.81601	0.02614	0.04080	0.09081	-0.03600
