feat_values_sorted	pred_f_3d_avg_sorted	pred_f_3d_sd_sorted	pred_f_3d_max_sorted	pred_f_3d_min_sorted
-2.34009	-0.14884	0.05841	-0.06302	-0.22692
-2.22084	-0.10955	0.05110	-0.02037	-0.18641
-2.00223	-0.14398	0.04049	-0.08185	-0.20035
-1.88298	-0.11807	0.05342	-0.02109	-0.19004
-1.82336	-0.11860	0.04083	-0.05182	-0.16543
-1.79355	-0.11410	0.05143	-0.02094	-0.18202
-1.70411	-0.10745	0.05400	-0.02065	-0.17378
-1.66437	-0.10092	0.05177	-0.02048	-0.17005
-1.66437	-0.10330	0.04911	-0.02048	-0.17005
-1.65443	-0.10734	0.04833	-0.02044	-0.16911
-1.64449	-0.12173	0.04003	-0.04746	-0.16817
-1.61468	-0.10405	0.04887	-0.02024	-0.16533
-1.53518	-0.09818	0.04468	-0.01978	-0.14283
-1.49544	-0.10354	0.04472	-0.01952	-0.15377
-1.43581	-0.09982	0.04164	-0.01908	-0.13922
-1.42588	-0.08763	0.04529	-0.01900	-0.14689
-1.28676	-0.09425	0.03404	-0.03816	-0.13286
-1.21720	-0.08512	0.03883	-0.01710	-0.12743
-1.21720	-0.08434	0.03924	-0.01710	-0.12743
-1.16751	-0.07565	0.03725	-0.01658	-0.12408
-1.07808	-0.06937	0.03250	-0.01557	-0.09461
-1.04827	-0.06903	0.03322	-0.01522	-0.11509
-1.04827	-0.07132	0.03325	-0.01522	-0.11509
-1.03833	-0.06832	0.03396	-0.01510	-0.11428
-1.01845	-0.07394	0.02970	-0.03076	-0.11265
-1.00852	-0.06903	0.03086	-0.01474	-0.11182
-0.99858	-0.07013	0.03210	-0.01461	-0.11098
-0.98864	-0.06537	0.03269	-0.01449	-0.11014
-0.96877	-0.06194	0.03338	-0.01424	-0.10842
-0.96877	-0.05812	0.02934	-0.01424	-0.09970
-0.90915	-0.06241	0.03146	-0.01347	-0.10309
-0.89921	-0.04872	0.02509	-0.01334	-0.08084
-0.86940	-0.06528	0.02807	-0.01294	-0.09938
-0.85946	-0.05685	0.02882	-0.01280	-0.09844
-0.81971	-0.04619	0.02544	-0.01226	-0.08381
-0.77996	-0.05568	0.02617	-0.01171	-0.09064
-0.77996	-0.05352	0.02730	-0.01171	-0.09064
-0.77003	-0.06011	0.02163	-0.02367	-0.08964
-0.72034	-0.04864	0.02348	-0.01085	-0.08452
-0.69053	-0.04174	0.01904	-0.01042	-0.06294
-0.65078	-0.04366	0.02127	-0.00983	-0.07711
-0.63091	-0.04700	0.02200	-0.00954	-0.07494
-0.63091	-0.04472	0.02143	-0.00954	-0.07494
-0.62097	-0.04493	0.02138	-0.00939	-0.07385
-0.62097	-0.04857	0.01921	-0.01888	-0.07385
-0.61103	-0.04429	0.01793	-0.01850	-0.07275
-0.61103	-0.04326	0.01957	-0.00924	-0.07275
-0.60110	-0.04158	0.02023	-0.00909	-0.07165
-0.60110	-0.04172	0.02028	-0.00909	-0.07165
-0.59116	-0.04178	0.02008	-0.00894	-0.07054
-0.58122	-0.04099	0.01861	-0.00879	-0.06943
-0.57128	-0.03924	0.01936	-0.00864	-0.06831
-0.57128	-0.04115	0.01682	-0.01695	-0.06831
-0.51166	-0.03070	0.01698	-0.00772	-0.05067
-0.45204	-0.02637	0.01277	-0.00679	-0.04426
-0.44210	-0.02939	0.01511	-0.00663	-0.05336
-0.44210	-0.02376	0.01484	-0.00663	-0.05336
-0.43216	-0.02521	0.00993	-0.01166	-0.03877
-0.42223	-0.03127	0.01196	-0.01129	-0.05100
-0.42223	-0.03359	0.01368	-0.00632	-0.05100
-0.41229	-0.02415	0.01424	-0.00616	-0.04981
-0.35267	-0.01926	0.01139	-0.00521	-0.04262
-0.34273	-0.01950	0.01259	-0.00505	-0.04140
-0.34273	-0.02135	0.01095	-0.00836	-0.04140
-0.33279	-0.02122	0.01131	-0.00489	-0.04019
-0.33279	-0.01842	0.01112	-0.00489	-0.04019
-0.30298	-0.01612	0.00658	-0.00692	-0.02614
-0.29305	-0.01834	0.00960	-0.00425	-0.03530
-0.29305	-0.01818	0.00974	-0.00425	-0.03530
-0.28311	-0.01718	0.00979	-0.00409	-0.03407
-0.25330	-0.01514	0.00839	-0.00361	-0.03036
-0.24336	-0.01575	0.00750	-0.00478	-0.02912
-0.21355	-0.01211	0.00708	-0.00297	-0.02539
-0.19367	-0.01012	0.00660	-0.00264	-0.02288
-0.19367	-0.01092	0.00611	-0.00264	-0.02288
-0.19367	-0.00895	0.00533	-0.00264	-0.01665
-0.18374	-0.00900	0.00500	-0.00248	-0.01560
-0.18374	-0.00940	0.00595	-0.00248	-0.02163
-0.17380	-0.00908	0.00582	-0.00232	-0.02037
-0.15393	-0.00637	0.00527	-0.00164	-0.01785
-0.15393	-0.00826	0.00513	-0.00164	-0.01785
-0.10424	-0.00394	0.00401	0.00206	-0.01153
-0.07443	-0.00242	0.00291	0.00109	-0.00771
-0.07443	-0.00163	0.00208	0.00109	-0.00409
-0.06449	-0.00131	0.00266	0.00194	-0.00644
-0.05455	0.00011	0.00302	0.00624	-0.00516
-0.04462	0.00095	0.00311	0.00707	-0.00388
-0.04462	0.00134	0.00282	0.00707	-0.00230
-0.03468	0.00112	0.00327	0.00790	-0.00261
-0.03468	0.00298	0.00266	0.00790	0.00006
-0.03468	0.00164	0.00326	0.00790	-0.00261
-0.00487	0.00374	0.00319	0.01037	-0.00112
0.03488	0.00737	0.00345	0.01364	0.00108
0.04482	0.00815	0.00366	0.01445	0.00124
0.04482	0.00737	0.00418	0.01445	0.00035
0.06469	0.00879	0.00544	0.01606	0.00093
0.06469	0.00915	0.00485	0.01606	0.00093
0.07463	0.00943	0.00553	0.01687	0.00172
0.11438	0.01380	0.00600	0.02006	0.00236
0.12431	0.01269	0.00671	0.02085	0.00252
0.12431	0.01259	0.00664	0.02085	0.00252
0.13425	0.01413	0.00721	0.02164	0.00268
0.14419	0.01600	0.00604	0.02145	0.00328
0.16406	0.01642	0.00808	0.02400	0.00316
0.17400	0.01585	0.00811	0.02478	0.00332
0.18394	0.01536	0.00824	0.02513	0.00348
0.19387	0.01925	0.00805	0.02689	0.00474
0.19387	0.01720	0.00877	0.02689	0.00364
0.22368	0.01788	0.00953	0.02880	0.00411
0.22368	0.02152	0.00897	0.03073	0.00562
0.23362	0.02155	0.01047	0.02972	0.00426
0.24356	0.02366	0.00721	0.03018	0.01139
0.27337	0.02433	0.01095	0.03711	0.00708
0.27337	0.02585	0.01007	0.03711	0.00708
0.28331	0.02318	0.01316	0.03838	0.00504
0.29324	0.02710	0.01119	0.03965	0.00520
0.30318	0.02245	0.01351	0.04092	0.00535
0.34293	0.02863	0.01379	0.04598	0.00597
0.34293	0.03020	0.01366	0.04598	0.00597
0.36280	0.03327	0.01365	0.04850	0.00969
0.36280	0.02899	0.01491	0.04850	0.00627
0.36280	0.02899	0.01491	0.04850	0.00627
0.47211	0.04077	0.01606	0.06220	0.01285
0.47211	0.03748	0.01815	0.06220	0.00791
0.51186	0.04015	0.01947	0.06711	0.00849
0.51186	0.04246	0.01918	0.06711	0.00849
0.55161	0.04527	0.02045	0.07196	0.00906
0.59136	0.04746	0.02189	0.07677	0.00962
0.59136	0.04518	0.02368	0.07677	0.00962
0.61123	0.04524	0.02352	0.07915	0.00990
0.64104	0.04856	0.02436	0.08269	0.01031
0.65098	0.05092	0.02355	0.08386	0.01044
0.66092	0.05173	0.02626	0.08503	0.01823
0.66092	0.04703	0.02687	0.08503	0.01058
0.67085	0.04662	0.02278	0.06903	0.01071
0.67085	0.05089	0.02686	0.08619	0.01071
0.74041	0.05013	0.02804	0.09422	0.01163
0.74041	0.05015	0.02806	0.09422	0.01163
0.75035	0.05039	0.02810	0.09535	0.01175
0.76029	0.05224	0.02931	0.09647	0.01188
0.77023	0.04074	0.02405	0.07777	0.01201
0.79010	0.05397	0.03030	0.09981	0.01226
0.79010	0.05192	0.02302	0.07948	0.02184
0.82985	0.06034	0.02955	0.10419	0.01274
0.83979	0.05295	0.02751	0.08370	0.01286
0.84972	0.06330	0.03606	0.10635	0.01298
0.87953	0.06256	0.02425	0.08702	0.02430
0.89941	0.06655	0.03262	0.11165	0.01356
0.90934	0.06501	0.03189	0.11269	0.01368
0.92922	0.06074	0.02964	0.09109	0.01390
0.93916	0.07560	0.03137	0.11579	0.02592
0.93916	0.06126	0.02989	0.09190	0.01401
0.95903	0.06717	0.03540	0.11782	0.01423
0.96897	0.05965	0.03110	0.09429	0.01434
0.97890	0.06780	0.03550	0.11982	0.01444
0.99878	0.07407	0.03498	0.12180	0.01465
0.99878	0.06228	0.03272	0.09665	0.01465
1.01865	0.07350	0.03607	0.12375	0.01486
1.04846	0.06579	0.03681	0.12663	0.01516
1.07828	0.05934	0.03266	0.10303	0.01545
1.08821	0.07885	0.04147	0.13037	0.01554
1.10809	0.07345	0.03856	0.13219	0.01573
1.11802	0.07080	0.04008	0.13310	0.01582
1.13790	0.07741	0.03806	0.13488	0.01600
1.16771	0.07372	0.04147	0.13749	0.01626
1.17765	0.07847	0.04134	0.13835	0.01634
1.25714	0.07771	0.04366	0.14490	0.01697
1.36645	0.08191	0.04637	0.15301	0.01769
1.41614	0.08533	0.04226	0.12868	0.01797
1.41614	0.09784	0.04703	0.15633	0.01797
1.44595	0.09689	0.04392	0.15821	0.01811
1.58507	0.08226	0.04185	0.13567	0.01862
1.76394	0.10675	0.04454	0.17227	0.04618
1.91299	0.11113	0.05040	0.17469	0.01851
2.10180	0.11358	0.05182	0.17341	0.01752
2.24092	0.12553	0.04769	0.17786	0.05345
2.58872	0.11446	0.04629	0.19139	0.05669
2.67815	0.11215	0.04680	0.19406	0.05732
2.69802	0.08543	0.04477	0.14487	0.00909
3.59236	0.07295	0.02682	0.11000	0.02569
