feat_values_sorted	pred_f_3d_avg_sorted	pred_f_3d_sd_sorted	pred_f_3d_max_sorted	pred_f_3d_min_sorted
-2.59212	-0.62905	0.12838	-0.39049	-0.82349
-2.00391	-0.32519	0.06058	-0.21285	-0.40908
-1.99427	-0.29868	0.07687	-0.14149	-0.38732
-1.99427	-0.30232	0.08731	-0.14149	-0.40391
-1.87856	-0.29480	0.03829	-0.22575	-0.34563
-1.85927	-0.25914	0.06656	-0.12373	-0.33656
-1.82070	-0.24950	0.05952	-0.11917	-0.31894
-1.82070	-0.24218	0.06522	-0.11917	-0.31894
-1.78213	-0.25271	0.05854	-0.11482	-0.30201
-1.75320	-0.23326	0.05552	-0.11170	-0.28976
-1.68570	-0.21022	0.04925	-0.10486	-0.26262
-1.67606	-0.23073	0.02080	-0.19654	-0.25891
-1.64713	-0.20346	0.04442	-0.10122	-0.24800
-1.51213	-0.17100	0.03642	-0.08991	-0.20230
-1.50249	-0.16528	0.03629	-0.08918	-0.19945
-1.37713	-0.15013	0.02859	-0.08060	-0.16534
-1.37713	-0.14972	0.02687	-0.08060	-0.16534
-1.37713	-0.14604	0.02729	-0.08060	-0.16534
-1.34820	-0.13650	0.02937	-0.07884	-0.15785
-1.18428	-0.11189	0.01901	-0.07023	-0.13248
-1.14571	-0.10781	0.01999	-0.06851	-0.12951
-1.01071	-0.09209	0.01135	-0.07361	-0.11419
-0.99142	-0.08122	0.00974	-0.06257	-0.09441
-0.93357	-0.08479	0.01407	-0.06069	-0.10568
-0.93357	-0.08080	0.01126	-0.06069	-0.09731
-0.91428	-0.08011	0.01315	-0.06009	-0.10358
-0.87571	-0.07598	0.01252	-0.05895	-0.09940
-0.86607	-0.07291	0.01136	-0.05867	-0.09836
-0.84678	-0.07548	0.01171	-0.06258	-0.09629
-0.82749	-0.07001	0.01119	-0.05760	-0.09423
-0.77928	-0.06691	0.01095	-0.05487	-0.08911
-0.76964	-0.06451	0.01087	-0.05607	-0.08810
-0.76000	-0.06486	0.01056	-0.05569	-0.08708
-0.74071	-0.06347	0.01044	-0.05086	-0.08506
-0.74071	-0.05930	0.00749	-0.05086	-0.07492
-0.74071	-0.06770	0.01027	-0.05535	-0.08506
-0.70214	-0.06135	0.00987	-0.04939	-0.08103
-0.70214	-0.05961	0.01041	-0.04710	-0.08103
-0.67321	-0.05855	0.00980	-0.04643	-0.07802
-0.66357	-0.05676	0.00954	-0.04547	-0.07703
-0.64428	-0.05773	0.00898	-0.04804	-0.07504
-0.61535	-0.05494	0.01028	-0.04087	-0.07206
-0.61535	-0.05063	0.01046	-0.03954	-0.07206
-0.61535	-0.05319	0.00910	-0.03954	-0.07206
-0.59607	-0.04942	0.00650	-0.03801	-0.06020
-0.58643	-0.04949	0.00970	-0.03727	-0.06910
-0.58643	-0.04972	0.00972	-0.03727	-0.06910
-0.56714	-0.04793	0.00918	-0.03582	-0.06713
-0.55750	-0.04701	0.01001	-0.03511	-0.06615
-0.53821	-0.04744	0.00850	-0.03373	-0.06419
-0.53821	-0.04611	0.00900	-0.03373	-0.06419
-0.51893	-0.04410	0.00921	-0.03240	-0.06223
-0.48035	-0.04332	0.00824	-0.02952	-0.05833
-0.43214	-0.03813	0.00940	-0.02595	-0.05348
-0.41286	-0.03739	0.00866	-0.02458	-0.05155
-0.39357	-0.03542	0.00855	-0.02324	-0.04961
-0.34536	-0.03154	0.00783	-0.02003	-0.04480
-0.31643	-0.02959	0.00761	-0.01818	-0.04191
-0.31643	-0.03225	0.00948	-0.01818	-0.04544
-0.28750	-0.03081	0.00793	-0.01926	-0.04469
-0.25857	-0.02773	0.00863	-0.01465	-0.04392
-0.24893	-0.02650	0.00969	-0.01408	-0.04366
-0.22964	-0.02604	0.00890	-0.01296	-0.04313
-0.22964	-0.02452	0.00920	-0.01296	-0.04313
-0.22000	-0.02511	0.00930	-0.01240	-0.04286
-0.20071	-0.02519	0.00846	-0.01528	-0.04231
-0.19107	-0.01729	0.00465	-0.01076	-0.02490
-0.18143	-0.02501	0.00858	-0.01443	-0.04174
-0.17179	-0.02298	0.01205	-0.00968	-0.04145
-0.16214	-0.02350	0.00929	-0.00915	-0.04116
-0.15250	-0.02116	0.00909	-0.00862	-0.04086
-0.14286	-0.02058	0.00913	-0.00809	-0.04056
-0.13321	-0.01894	0.00997	-0.00756	-0.04025
-0.13321	-0.02152	0.00914	-0.01236	-0.04025
-0.13321	-0.02066	0.00944	-0.00756	-0.04025
-0.13321	-0.01884	0.00742	-0.00756	-0.03107
-0.11393	-0.01884	0.00927	-0.00652	-0.03963
-0.10429	-0.01983	0.00935	-0.01113	-0.03931
-0.10429	-0.01592	0.00647	-0.00600	-0.02987
-0.09464	-0.01743	0.00985	-0.00549	-0.03899
-0.05607	-0.01534	0.00960	-0.00343	-0.03765
-0.04643	-0.01536	0.01071	-0.00292	-0.03730
-0.03679	-0.01453	0.01019	-0.00241	-0.03695
-0.02714	-0.01451	0.01071	-0.00191	-0.03659
0.00178	-0.01181	0.00999	-0.00038	-0.03549
0.01143	-0.01018	0.00993	0.00013	-0.03511
0.01143	-0.01121	0.01006	0.00013	-0.03511
0.02107	-0.00827	0.00682	0.00064	-0.02441
0.03071	-0.01111	0.01103	0.00115	-0.03433
0.03071	-0.01126	0.01001	-0.00262	-0.03433
0.05964	-0.00977	0.01086	-0.00050	-0.03312
0.06928	-0.00610	0.01039	0.00320	-0.03270
0.06928	-0.00759	0.01049	0.00320	-0.03270
0.07893	-0.00808	0.01155	0.00372	-0.03228
0.07893	-0.00562	0.01043	0.00372	-0.03228
0.08857	-0.00633	0.01058	0.00163	-0.03185
0.09821	-0.00536	0.00696	-0.00059	-0.02074
0.10785	0.00001	0.00268	0.00528	-0.00297
0.10785	-0.00257	0.00720	0.00528	-0.02026
0.15607	-0.00615	0.01258	0.00525	-0.02865
0.15607	-0.00257	0.01244	0.00793	-0.02865
0.16571	-0.00177	0.01179	0.00847	-0.02817
0.17535	-0.00235	0.01139	0.00489	-0.02768
0.21392	0.00097	0.01281	0.01125	-0.02563
0.23321	0.00337	0.01185	0.01310	-0.02456
0.24285	0.00294	0.01207	0.01358	-0.02401
0.25250	0.00329	0.01289	0.01508	-0.02346
0.25250	0.00644	0.01178	0.01508	-0.02346
0.27178	0.00932	0.00852	0.01706	-0.01129
0.27178	0.00560	0.01353	0.01706	-0.02232
0.29107	0.00312	0.01401	0.01756	-0.02115
0.29107	0.00671	0.01365	0.01905	-0.02115
0.30071	0.00710	0.01356	0.02005	-0.02055
0.30071	0.00743	0.01374	0.02005	-0.02055
0.32000	0.00979	0.01326	0.02204	-0.01933
0.33928	0.00917	0.01445	0.02405	-0.01807
0.35857	0.01029	0.01440	0.02606	-0.01677
0.36821	0.02057	0.00398	0.02707	0.01540
0.37785	0.01377	0.01365	0.02808	-0.01544
0.38749	0.01508	0.01279	0.02601	-0.01476
0.42607	0.01771	0.01403	0.03315	-0.01193
0.44535	0.01966	0.00933	0.02930	0.00039
0.45499	0.02215	0.01312	0.03622	-0.00970
0.46464	0.02474	0.01427	0.03725	-0.00894
0.47428	0.02891	0.00551	0.03828	0.02083
0.47428	0.02136	0.01502	0.03828	-0.00817
0.48392	0.02210	0.01632	0.03931	-0.00739
0.49357	0.02448	0.01349	0.03617	-0.00659
0.50321	0.03162	0.00575	0.04138	0.02329
0.58035	0.03198	0.01602	0.04976	0.00106
0.59964	0.03492	0.01546	0.05188	0.00289
0.63821	0.03491	0.01432	0.04956	0.00669
0.63821	0.03727	0.01506	0.05614	0.00669
0.64785	0.03784	0.01458	0.05297	0.00767
0.72499	0.05287	0.01290	0.06590	0.02559
0.73463	0.05337	0.01168	0.06700	0.02663
0.76356	0.05291	0.01652	0.07032	0.02045
0.77321	0.05898	0.01578	0.07143	0.02160
0.78285	0.05650	0.01650	0.07254	0.02277
0.79249	0.05259	0.01722	0.07366	0.02394
0.82142	0.06154	0.01244	0.07543	0.03655
0.85035	0.06468	0.01627	0.08043	0.03132
0.85035	0.06428	0.01816	0.08043	0.03132
0.85999	0.06956	0.01389	0.08157	0.04130
0.95642	0.07601	0.01864	0.09602	0.04622
0.96606	0.07441	0.01852	0.09582	0.04767
0.98535	0.08318	0.01900	0.10083	0.05061
1.00463	0.08613	0.01764	0.10388	0.05362
1.01428	0.09247	0.01484	0.10591	0.06262
1.04320	0.09334	0.01872	0.11213	0.05983
1.04320	0.09099	0.01856	0.11090	0.05983
1.08177	0.10084	0.01955	0.12079	0.06630
1.13963	0.11132	0.02053	0.13459	0.07653
1.15892	0.11462	0.02078	0.13941	0.08008
1.15892	0.11026	0.01884	0.13297	0.08008
1.18785	0.11980	0.02114	0.14685	0.08554
1.19749	0.12691	0.01736	0.14226	0.08739
1.21677	0.12711	0.02119	0.15456	0.09116
1.23606	0.13045	0.02031	0.15116	0.09500
1.23606	0.13287	0.02055	0.15985	0.10049
1.26499	0.13119	0.02084	0.15807	0.10090
1.39034	0.15942	0.02983	0.20663	0.12849
1.39034	0.16604	0.02285	0.19346	0.13252
1.39999	0.16994	0.02667	0.20983	0.13075
1.41927	0.17358	0.02815	0.21634	0.13533
1.48677	0.18828	0.03177	0.24018	0.15203
1.50606	0.19123	0.03719	0.24731	0.15742
1.53499	0.19536	0.03094	0.24561	0.16370
1.58320	0.21679	0.03228	0.26496	0.17771
1.63141	0.23134	0.04433	0.29725	0.18593
1.64106	0.22048	0.03707	0.28955	0.18811
1.65070	0.23420	0.04158	0.30550	0.18963
1.68927	0.24471	0.04723	0.32248	0.19580
1.71820	0.26798	0.04451	0.33564	0.20774
1.80498	0.29179	0.06481	0.37732	0.21489
1.88213	0.30689	0.03976	0.36150	0.25392
2.12319	0.42023	0.09457	0.56084	0.27239
2.24855	0.47906	0.11255	0.65068	0.29724
2.28712	0.45340	0.09046	0.56589	0.30516
2.33534	0.56494	0.10590	0.71964	0.42005
