241.88
166.26
-59.68
-184.38
191.39
-293.79
-19.95
93.81
-210.66
-249.04
94.76
-16.85
125.95
-69.46
-300.81
91.65
-99.66
-206.74
59.37
208.89
-200.68
-95.90
-104.47
-35.32
-171.09
65.95
114.24
44.64
-98.23
199.97
-188.80
-52.49
-87.50
-120.26
-25.93
74.94
-264.61
20.61
-42.90
-19.45
556.84
135.29
161.68
146.45
-101.71
-86.56
-166.27
-424.91
82.16
-117.92
-166.22
335.84
-202.90
-134.13
-108.93
213.25
-153.09
19.90
-148.40
-20.07
190.94
-88.40
235.60
-80.14
39.02
-257.09
27.53
-129.59
56.28
-152.41
-177.13
-202.81
170.32
179.42
17.24
-50.61
365.97
299.92
42.89
-1.12
-161.29
118.57
-68.30
232.96
-8.95
-94.17
-69.35
-68.87
-227.68
76.24
-61.42
-48.09
73.88
93.82
3.50
510.64
-78.43
218.39
99.15
-97.08
-156.10
76.52
-304.61
223.69
199.58
-19.71
-193.72
14.76
107.57
205.04
-25.24
23.67
156.06
-109.07
194.88
-103.20
-85.15
-187.44
144.75
288.49
169.52
29.66
44.46
-3.83
269.26
-6.72
6.70
312.40
53.29
-4.97
81.41
-185.56
-48.85
166.96
4.66
78.02
-8.41
-147.20
-237.17
-136.28
81.30
40.74
-37.39
2.50
123.59
-156.35
-176.05
286.92
-16.27
11.50
-135.35
94.82
-147.00
-223.94
-244.37
-205.40
-131.96
-60.30
182.96
-42.30
-80.77
54.42
80.57
227.00
101.26
-208.35
80.07
266.14
-71.17
-25.85
133.60
134.17
218.33
-107.25
-169.43
-72.62
8.99
96.59
-304.51
250.67
282.61
32.56
54.68
-288.71
-204.19
171.29
134.89
475.91
121.77
80.21
57.21
21.21
-75.65
-49.48
-110.78
411.24
133.80
-147.81
138.23
196.35